19
13
13
10
10
0
16
3
7
23
9
5
0
0
0
19
7
3
13
23
9
10
0
0
0
0
15
10
27
27
27
6
27
10
11
11
10
10
11
24
24
1
17
18
25
25
0
0
25
10
10
10
10
27
27
25
25
27
24
11
11
24
10
11
11
10
4
24
24
27
25
25
26
14
0
0
10
11
27
10
11
10
27
1
18
25
25
25
6
30
10
11
10
11
10
24
1
17
18
25
25
25
12
3
7
10
10
0
6
31
27
24
11
11
11
11
11
10
24
24
18
25
25
0
0
8
8
23
10
23
25
32
27
10
11
10
11
11
4
24
0
29
25
26
0
25
14
0
0
0
12
8
12
23
10
23
0
0
15
15
10
10
27
27
28
33
21
20
8
11
11
2
10
4
25
27
24
10
11
11
10
11
11
10
26
29
25
25
25
0
0
0
0
27
10
11
10
10
4
26
25
0
0
0
34
3
9
10
27
22
27
8
8
8
2
8
4
4
25
35
28
3
36
20
21
21
9
10
10
5
0
27
22
8
2
4
4
25
7
20
21
13
20
9
9
10
5
10
0
22
16
16
16
37
8
10
4
4